Instalar python 3.11 -> https://www.python.org/downloads/windows/

Teste -> py -3.11 --version

Criar a venv na raiz -> cd Projeto - Classificar Movimento

Cria -> py -3.11 -m venv .venv

Ativa -> .venv\Scripts\activate

Roda -> python src/main.py



wrist_to_shoulder_dist=[
0.263226584354161, 0.2589545147863165, 0.2552677145842956, 0.2478312374862602, 0.23926411605928188, 0.23182745840771707, 0.22537220013552045, 0.22174688972756668, 0.21789477925007708, 0.21470732273894533, 0.20859986633072775, 0.20154653878154677, 0.19120262192431653, 0.18182673029177784, 0.17356693759273387, 0.168343009998937, 0.1655765803804968, 0.16494957882619182, 0.1657552667959969, 0.16767808527029143, 0.17137708551783698, 0.17712272242052213, 0.1852345332529855, 0.19473332135366123, 0.20659461285461514, 0.21728860160296803, 0.22690378381228066, 0.2339323239012696, 0.2409548945556333, 0.24649764323865533, 0.25275871131547645, 0.2613040239308262, 0.2728820320086715, 0.28215259684259897, 0.2926060384470097, 0.3026943965713477, 0.3095992772179607, 0.31285696623611176, 0.3165341376711327, 0.31762145949007053, 0.31891166237962454, 0.31864438749670243, 0.31841763262427697, 0.3187315195456401, 0.3191015567506549, 0.31794477929688225, 0.31870047277324687, 0.32262745308662166, 0.3264977872185795, 0.3309878102773719, 0.3369430174424509, 0.34213609854616533, 0.3438826120745576, 0.34501560223992733, 

123.54535069341392, 120.0576681025548, 116.98123868176997, 111.03439056179784, 104.82203413520105, 99.16939296504326, 94.53136877669432, 90.65628304266386, 86.86671274811675, 83.42267389282102, 79.5667537321077, 75.53418459578943, 71.0705093655384, 67.014627650494, 63.67915113224073, 61.41029237087766, 60.04359040411886, 59.67476715294073, 60.213422387572976, 61.168017187519126, 63.74061989081688, 67.8826959360799, 72.85704968924945, 78.38410361688854, 84.89406180559871, 91.12068711119238, 96.62724635232148, 101.5164700369813, 106.72192179593549, 111.60261560246798, 116.19494921106457, 121.27331269323523, 126.98024111561594, 132.17342524827862, 137.22976234878425, 141.2865037287219, 143.93766310204757, 145.5290164423482, 146.7619715737208, 147.7000552968007, 149.08589675299123, 149.9158462820502, 151.2548704293703, 152.71911818778128, 154.27272049457585, 155.9695830510268, 158.36603720971763, 160.73493104759956, 162.846303915164, 164.5995948109948, 165.99847225349882, 167.27006766710892, 167.72114633069043, 167.8350398572417, 167.890655910498, 167.8259407844019, 167.6068466400111, 167.64712751830717, 167.79680826921057, 167.83090104239582,

95.11971419899776, 96.04804823066488, 97.15479698808811, 100.02027987565327, 102.57181830042472, 104.92825233893102, 107.34816814924548, 109.21718488818803, 110.13475325403138, 110.76700739965163, 111.28968721068104, 111.46733057626435, 111.30313049993126, 110.93877576571276, 110.25794310727875, 109.37421691523, 108.72695452302335, 108.44255584687399, 108.5494601841926, 108.79927806225666, 109.22382194894467, 109.65651521822193, 110.05894224940735, 110.57495094659396, 111.05102498490729, 111.29397813312968, 111.46224626249617, 111.2078471599456, 110.25746584504597, 109.14573005254476, 107.87812369840181, 106.68610782562712, 106.05132737683736, 105.78031265136573, 105.49473660461031, 104.84968808773358, 103.56320553669676, 101.58674127307457, 99.5182197166087, 97.1710935907732, 94.94350610647184, 92.65240968613675, 90.63422960819396, 88.23179397256038, 85.85666144974935, 83.52341785714852, 81.88940344873333, 80.18911368511226, 78.90739421615697, 77.9747436135228, 77.3504768570157, 76.361925152159, 75.58333238027657, 74.94000928068738, 74.60446090871281, 74.53740642417549,


0.344439414431251, 0.3432630627968969, 0.3433684446479361, 0.34297702758574033, 0.34222142587340976, 0.3424220637115135, 0.34205609848375607, 0.3406490993766644, 0.3406021412894458, 0.3384910857972038, 0.3344664766436478, 0.32990639050758996, 0.32604934554978043, 0.3198717520802325, 0.3175689489063774, 0.3166173285624549, 0.31699206283994924, 0.31482894279016005, 0.3132154287655233, 0.3098324728524649, 0.30299923713596677, 0.2930464705243834, 0.2830599532497951, 0.27328937627978084, 0.26205735301642485, 0.2545442508677358, 0.2492966345819852, 0.24349398336326308, 0.2380848315577701, 0.23367796199734867, 0.22849280867901448, 0.22430192835304935, 0.22187257742619176, 0.21698839733299208, 0.21111700370366662, 0.20412798052053055, 0.1948683778744389, 0.1849842921905696, 0.17832187615349154, 0.17346323087072785, 0.17069632805674456, 0.16950258717733208, 0.1697929541548123, 0.1707069563361568, 0.17317387173367665, 0.17915709568153165, 0.18696953649024103, 0.19690688756501973, 0.20804246857361694, 0.21763747746808146, 0.22393163405346486, 0.22981650477429394, 0.2361536499062849, 0.24231870895855495, 0.2504758572097193, 0.26033617283077026, 0.2681318629898488, 0.27317082373208795, 0.27756704647815855, 0.2813866527843244, 0.28414741126988174, 0.28945581751134614, 0.2942331442724579, 0.2998147589522203, 0.30572515246056564, 0.31130317447067146, 0.31513169053321183, 0.3196950552193427, 0.32322290671496, 0.3238761457509439, 

167.76211138591572, 167.67882722661727, 167.2135875500666, 167.03003197050285, 166.35969343784382, 165.05047583075108, 163.09598636603775, 160.72968439901499, 157.41152994431042, 153.56440365211432, 150.16311114858493, 146.8717663335553, 143.8104043719075, 140.4705577648572, 137.00592757480268, 132.38361092999003, 127.36746028907218, 122.47058310248308, 117.75118882011823, 113.58880394929278, 110.22481834230673, 106.67410445625464, 102.8322619528509, 99.00530026954964, 95.27610860223885, 91.84384597378904, 88.7747683529696, 85.42114781734043, 81.77371422583602, 77.51711652403829, 72.72463267832616, 68.41568982649008, 65.00824057552153, 62.62060342306529, 61.40067985128168, 61.0389843631552, 61.25987647227525, 61.651054616407656, 62.968308531704565, 65.7844028774927, 69.96775766541546, 74.72480584622032, 80.19182438333307, 85.51924110020498, 90.05402928258393, 94.08295905030772, 98.25889944946084, 102.52883216852256, 106.78515640802485, 111.17582392618976, 114.82083783149069, 117.99186961722421, 120.88365329853313, 123.9876451152667, 127.0912454336557, 130.72019903235338, 134.7411443686809, 138.3345781548939, 141.15679411753078, 143.3215461565588, 145.11084754646285, 146.28124917851468, 147.50686109009206, 148.68633638862497, 149.87133302546403, 151.0983314831569, 152.647103788724, 154.12427247204428, 155.51351466182365, 157.29281390886052, 159.11932164151978, 160.81222420753562, 162.27386372930007, 163.6123073595974, 164.31840427690963, 164.5264613294418, 164.49440222633012, 164.68165507928052, 165.1499362985541, 165.95707426204982, 166.9653769299967, 167.72413791261653, 168.1625048677359, 168.35646652334506,

74.76495512689146, 75.13385228645105, 75.50516293325686, 75.70415256334843, 75.70146349955132, 75.67107770079465, 75.76915671703374, 76.14173160628445, 76.71010682205431, 77.93336058585948, 79.31342219647645, 80.87328379371334, 82.94381424501687, 85.0976228635656, 86.80857755934646, 89.06636504109457, 91.34489309605965, 92.98338097029577, 94.86389569493849, 96.75825390944867, 98.3525873397248, 100.0865249792076, 102.17298708380035, 104.22799861007664, 106.56143450817486, 108.40307489873312, 109.73899553894967, 110.66477990728524, 111.30938109675347, 111.63620352123966, 112.0870575980745, 112.22425612927191, 112.23454835317466, 111.98861900932063, 111.62481989511241, 111.19380504863162, 111.03439859385064, 110.93050569207989, 110.85536632983592, 110.78319965269107, 110.85542043862343, 111.2421281624272, 111.6655299709872, 112.04034701487134, 112.39696060122239, 112.52783319526785, 112.37235615406266, 112.17745619682803, 111.98172637684661, 111.93909302004079, 112.05718189715894, 112.0299606865226, 111.67022539331924, 110.9677711457008, 109.87550511829541, 108.47538472125927, 106.96658671450818, 105.66396182868655, 104.57695617554343, 103.50956501345513, 102.6085309645493, 101.8544782943903, 100.6914028675845, 99.16064355626503, 97.6280093928043, 95.82415127923075, 93.86708925807356, 91.6452876783541, 89.5148130094232, 87.12349538927636, 84.63152452478337, 82.08661119922462, 80.120761437638, 78.57509293684151, 77.2341666238386, 76.32006213912976, 75.550822194644, 74.9825402464028,v

0.3228349796134121, 0.3216880460907775, 0.31978147703788207, 0.3174730208482199, 0.31633907512908277, 0.31633811152986113, 0.3168768530435083, 0.3190235767461954, 0.32158403353294635, 0.3245106072679051, 0.32858840079932605, 0.332262644056053, 0.335695073670227, 0.3390793473325763, 0.34241727471991734, 0.3452442822856112, 0.3478741593303966, 0.3488996733182472, 0.3490729168986278, 0.3487993533304968, 0.34697347462594597, 0.34325319079906874, 0.34024741443408923, 0.3350973412038307, 0.32798629341478625, 0.3221263433373061, 0.31769315156049893, 0.31263216085390755, 0.30959899126216744, 0.30859480533847516, 0.30856110080859234, 0.3087979314746169, 0.3081814724745916, 0.3061701753967016, 0.30259867146028324, 0.2969803069422414, 0.2917014762230389, 0.28527698127371315, 0.27758477677319526, 0.2711198551434171, 0.2642191636815353, 0.2577693704057945, 0.25110372157411154, 0.24608438176539926, 0.2400189769994304, 0.23399441536946514, 0.2287240287308257, 0.22604251809714326, 0.22372566051698947

68.05804576593818, 167.289373206303, 166.51371622033395, 165.63084775023557, 164.18131246504322, 162.16029109719912, 160.13568666930885, 157.572553960044, 154.39796131293969, 150.8171071651655, 148.12288175685526, 145.47143580389186, 142.553413231952, 139.75511672343424, 136.93685996431515, 133.23247242427655, 129.18153283043762, 124.88453283538763, 120.92114553531867, 117.30727679340237, 113.5575079468188, 109.92913507912564, 106.20586503317509, 102.45306726855574, 98.27439871122664, 94.03363912741267, 89.7563195769585, 87.85509657011316, 85.42778253982267

75.11843026677718, 75.3188610126576, 75.17424792287889, 75.07374689135698, 74.94058354786547, 74.03216118956774, 73.27961328410628, 72.85170259199683, 72.45572157294882, 71.98577775701341, 71.49137572213269, 70.97990713507617, 70.87254422410219, 71.43454682290647, 72.39229308793166, 73.62536271213122, 75.35841092638464, 77.28183019700018, 79.28452851667366, 81.24889849227225, 84.07622129906464, 87.23949671425875, 90.0075067373642, 92.32784228419177, 94.76630201915961, 96.64320429216806, 98.2347351102444, 99.89187925834874, 101.64621675966427, 103.4337786551421, 105.15359438864584, 106.58929389687955, 108.02237910108605, 109.3244524986433, 110.47414479617896, 111.25576686691696, 112.00972689360142, 112.35166031811345, 112.72817710020455]